1 10
100 200
201 210
900 1000
1894 2566
681 9074
5406 2182
11 7172
8856 9912
2446 4745
753 4042
6971 8629
9158 6515
9463 1370
4724 3178
7704 7675
130 9069
1792 7294
9477 2904
379 2085
8241 7396
4778 3090
9449 497
1726 9452
1443 4402
6124 3899
5997 1579
5679 8406
6074 3229
9578 5380
1135 9716
2310 9551
1330 8747
3050 4318
4608 9752
6449 2892
8094 7927
534 8370
6932 5757
8140 2928
5341 5122
1182 4808
805 6305
2199 5834
3996 9815
1745 1306
7749 9483
7498 5042
6621 3205
9266 353
1709 3409
3115 1869
3661 136
2815 7357
1881 7277
5303 6937
8103 7980
4674 3807
5788 5922
4658 2683
9705 4308
5056 6654
6330 3263
8761 6937
1409 2809
1954 4147
2239 3061
4333 9069
2812 3832
8584 8966
730 5166
9845 2229
8460 9874
1892 4442
5146 157
1707 3128
6892 7463
981 6023
1435 4222
7509 4725
8010 2977
4523 565
8026 8440
4233 918
8230 685
3744 9655
6865 2804
3482 9550
4786 8250
408 4303
5084 1554
245 1638
5846 6976
8109 615
4936 9517
8399 3457
5506 590
8981 5116
5853 6818
932 9079
4560 4387
3563 3303
7674 8863
4917 70
633 952
6643 1176
6669 9776
3949 8658
911 9089
2410 6809
8521 1198
5589 2196
2845 995
6027 324
456 6027
4737 6769
3644 2907
3036 361
1833 1362
7300 6556
1428 4904
2844 8740
5753 3821
3410 7255
9079 6389
4614 7775
8383 1275
2407 340
3256 3609
3357 1622
691 1865
6642 9629
5124 3070
655 406
5971 930
1673 4121
6092 4804
9596 902
5963 9078
1693 246
1781 6945
6520 8347
6886 5384
3490 1065
3482 2800
2344 9637
6366 2355
1953 7595
9064 4170
2484 4431
8283 3374
3993 4191
4718 2257
5304 7806
4544 7053
4582 400
2273 7858
9227 4017
5234 6682
7846 8293
9499 94
9125 9793
3245 175
4043 3166
7592 3766
3755 9971
2368 9432
7516 3476
5507 2836
8438 4121
703 9150
1846 9005
5221 1616
7390 7147
415 6763
8368 2794
3281 8937
3720 7132
3608 2085
1299 3914
6492 9497
7399 7548
6121 8429
7028 6960
8585 3260
4539 934
4079 5527
6823 5146
1635 5022
682 9289
827 343
4671 9782
4773 4240
3791 2220
4273 8593
9461 8954
5831 8159
34 324
4426 9884
6699 5927
6636 1655
6737 5158
1205 4285
45 7750
461 2949
1269 1770
3559 7572
3872 5327
8062 2982
2094 4885
6197 7520
9696 8123
4720 6750
801 6458
1773 5471
5757 5670
8454 5809
728 377
489 1207
5717 5839
1014 4783
6807 6128
2138 905
8157 8413
8325 7783
26 2099
6412 9230
5470 9118
1384 5463
6008 463
5810 8992
9150 4004
8132 9163
432 5045
1996 4667
9335 6612
4071 5712
1735 4373
7677 6003
9602 8042
1007 3870
6733 8611
1912 7510
9731 4873
4768 5072
4156 2223
6507 6823
2965 9696
5022 645
1718 1457
1151 846
2747 1069
7130 1885
7572 8420
522 6040
9235 2832
1463 3389
3420 7443
1352 1066
3729 8089
9254 9781
6192 4178
8248 3973
6209 8318
2173 7365
3824 3544
5320 1015
4688 7205
7351 5929
990 182
415 2000
2992 2953
4867 3117
1485 1940
2314 9
3162 259
2668 5164
3424 8855
2164 8927
2171 5095
246 1090
6727 3130
7754 8587
5818 4950
5963 2777
6935 3800
8508 7909
3598 91
2070 1610
122 9174
808 2300
935 8214
1725 2340
9718 2553
8690 7351
9069 7453
9634 3017
3958 2878
4951 6458
2013 8209
435 3614
8129 2136
1352 9466
2161 1758
4178 662
2830 1464
1995 7871
3118 3793
3132 8818
9574 8483
117 1036
3433 6300
4974 18
4360 527
549 4042
2222 2945
3116 2778
1195 8363
5364 4513
3945 4618
8196 4835
2182 5458
6565 2467
3292 6768
4917 4211
9709 4756
5660 2080
683 398
5883 9490
1630 8126
109 7115
1718 1881
6494 9333
5942 5646
9886 2476
5089 7173
1340 2804
6231 5091
2631 455
1387 3615
2591 3335
9874 5093
178 9469
8953 9140
3506 9196
5819 8215
4253 8379
1569 3079
4929 1289
9482 4188
6056 2531
5871 5090
3003 7550
6958 4409
3363 2797
7194 5208
7188 5651
7985 3261
3491 1526
825 1621
955 325
6354 1210
4958 8413
3012 3545
7390 1182
2513 7094
1227 9999
3126 2481
9054 4982
666 4806
2205 4073
9262 5817
9608 2461
3230 4323
8237 7203
4824 7981
5537 1910
2414 1532
7617 3547
8358 5164
7034 7925
622 9963
2258 3580
1281 2372
1596 7120
4956 1922
7077 7146
8065 945
5550 2413
3656 4500
3237 4613
8257 8167
6269 3620
3762 272
5957 7225
2275 6422
2125 8403
5993 3904
5781 5006
8532 1834
1315 3355
2800 1954
7424 2347
4402 3551
1098 8920
4943 2310
5159 2564
317 3435
4327 1085
7455 619
638 1664
3018 4366
3510 846
2400 1724
8506 141
7592 5168
2058 969
1875 3168
2049 9013
1962 5003
6725 670
1579 293
1753 9461
2067 2074
844 1843
2286 7378
6086 9975
4336 1001
1563 324
9757 3943
4728 8360
5294 7717
5853 6768
5355 2442
1982 4449
8424 6363
9503 7603
4348 8306
2041 3189
1971 1683
5445 8537
2550 2716
5178 4107
3304 9515
7373 9004
8540 4235
908 2091
6130 7406
9113 9239
2729 6825
6879 871
8710 4545
6370 9911
4902 5496
8758 2364
9576 3192
3085 1089
1699 7222
554 1298
8527 3867
5295 5573
2902 3435
8037 7582
4576 7087
36 3980
7015 290
7966 1993
3645 4826
3507 2463
5103 1633
8899 666
9706 4824
9690 5283
917 3444
6078 747
8130 5478
2297 7958
450 4534
746 5687
2708 3621
8487 4499
554 7244
8113 7956
6726 4435
7798 5282
6346 6968
5057 2975
8209 4619
1026 6933
435 7836
9087 6834
179 2459
6748 6961
3163 1613
2028 5050
128 6356
4186 8291
4251 4783
4979 4234
9985 8182
1007 8107
3322 9586
393 7084
6105 4573
1654 4140
8372 1983
2555 5520
9119 4798
154 7788
7424 317
5085 4903
6576 5436
6632 4575
3259 3849
5723 1812
7339 9076
8094 9485
7108 6855
5765 8992
1128 5952
9851 952
5423 6388
593 6751
2249 1408
3270 6370
8583 5179
5082 987
55 1944
6350 5795
7740 5679
9272 1851
796 2290
2793 6819
4140 1738
2316 9121
3210 4736
1061 9762
878 1370
6718 7162
9707 3086
296 7693
4436 1984
1607 7747
5343 6020
2290 587
7786 1014
2849 649
9841 7688
7753 3125
9645 100
322 1066
1116 2534
4084 1703
3643 5376
740 4309
564 3218
4579 1352
3929 4298
833 5436
9478 5818
5423 2446
18 5276
1540 2383
8348 2933
9909 2380
6161 586
7565 8474
7669 7054
4492 6250
3371 8908
3927 6868
5642 1881
6070 7862
7382 8553
268 3351
5537 5359
9768 7538
7747 4986
7788 2777
325 6580
2071 8235
9238 6608
9952 8192
5789 5615
7236 5783
3041 5158
3017 9073
8445 7264
3496 2925
8064 5985
9941 4819
7863 728
1625 5621
4596 7843
7798 3451
9066 5888
3978 1936
8500 1310
3659 3046
3346 6451
2255 5057
687 6189
9758 2058
2419 9974
6868 5352
8071 1058
5824 2501
3654 1534
1833 3403
5792 6380
2087 11
4211 2039
5548 1929
9861 864
6801 1838
812 3687
6555 3063
99 2448
6044 8270
3083 5375
6670 342
5772 8346
8699 9934
3793 8230
6994 2463
4226 1195
2135 9259
4137 4987
6240 5986
1780 6822
2803 2756
1614 9887
4594 1883
8547 2450
4002 9538
9019 3640
5609 6707
641 6354
9033 585
8744 2051
7546 63
2208 5351
6651 7154
4711 7830
7213 1285
6873 5991
8019 6754
8877 1890
3776 3339
1622 4246
2040 3680
5124 7655
5060 561
4093 6672
4194 6489
9091 2145
559 304
9096 337
4640 9351
6193 2764
3068 7801
7247 4519
7585 9855
9798 4701
2267 1520
2271 8730
7733 8428
831 8748
5767 4665
2586 1812
7371 5738
8889 2913
6811 5467
8638 7683
8909 162
6248 5256
1028 2127
8907 7922
8209 594
1617 5340
5480 2895
9844 2967
1016 1597
6072 8111
8617 9319
3665 2006
1233 1216
338 7534
9477 6428
7964 1825
9769 8417
2053 4397
7205 352
9713 5508
2808 6646
7128 4595
7988 3860
5401 3110
7319 3899
1185 4224
2730 8309
2048 4087
5120 9790
9966 4246
5354 9901
8382 7629
5320 4043
782 2307
8716 3514
974 1243
7529 7696
8695 6187
4853 9222
9139 3995
1764 8584
7861 4017
6895 1565
992 5999
9538 9699
7801 5904
637 6340
1525 8453
9448 1073
9374 9977
8817 8669
8944 3068
2653 5776
8719 75
5526 5833
1918 8976
3060 8618
9147 3759
9684 3132
1591 2835
5586 6783
3798 6274
4195 3397
4925 9307
5732 4891
768 130
4758 6096
5857 3426
3535 8632
9005 5982
9752 8419
7999 1459
5252 1316
4178 5814
9844 1187
1192 5709
8377 3837
9089 3342
105 7417
6572 2792
1653 1426
1812 1476
2137 5071
8437 9597
1648 373
3996 5088
6936 1500
5834 4849
8223 1488
4816 249
7129 6034
2361 1272
7882 4164
1148 2312
5569 4822
8305 3205
1140 7633
5227 8880
1874 9363
2971 8128
3450 5254
6109 1899
8761 9401
6255 5098
7225 831
4269 9091
1003 6637
8895 2365
6246 4592
9329 6543
2713 4664
1344 4254
7664 5913
2828 9140
6413 1266
2354 7112
3640 3842
9958 8893
7571 876
7684 414
6432 1316
830 6725
1493 5295
1611 6915
8028 6066
8477 4022
17 7203
7955 5785
486 8361
4276 6366
4091 4552
7303 4347
1368 606
4483 87
1739 2268
2934 8933
4078 9821
1160 4395
6466 7047
3951 4841
3252 283
8576 256
5646 4579
8845 4768
9602 3755
7688 7257
4517 9779
9558 4554
5576 9587
3365 3452
6946 4661
7544 7933
2300 5802
6696 331
6158 9450
4922 9126
838 1282
9270 9433
333 5786
6874 5384
8777 8639
1226 398
1541 4175
4924 6859
6230 3137
6961 957
3699 4397
7705 2360
8915 5339
9587 4368
9944 5231
3876 7160
4654 5651
2692 6185
7629 7209
6766 8199
7790 1041
1864 6660
5205 7117
2505 958
3166 1782
1020 9436
2862 128
6330 1134
5220 8729
9081 8041
3251 2656
6348 3526
8334 8119
4666 873
7954 8372
8625 1286
3637 6683
9825 5181
5880 711
8664 9651
5354 9814
3499 7976
8166 5375
9730 7202
3700 413
3080 4604
5700 8212
542 3736
7289 2055
4007 7016
2271 1284
171 4031
8212 5531
1059 7496
797 4342
5824 7383
1371 3334
2719 8951
773 2467
834 7717
546 4216
1145 1001
7016 2743
907 4257
6849 6203
196 8457
4310 2800
5729 8473
6076 4285
2291 944
7867 7721
6479 7177
9578 390
6053 1015
5226 5802
8303 1464
2480 8737
6218 8983
869 3486
8497 3066
1703 5828
3157 299
7830 47
1822 8024
2330 1779
3989 304
7521 4225
332 6095
8492 347
8785 5324
2254 2233
5394 8892
6710 832
2813 232
5128 1967
2181 3499
5079 8287
5165 1850
4292 8959
8330 7172
6180 5929
7350 6020
331 366
4417 8649
3116 3054
7975 5548
4732 9957
8678 9732
6862 3165
4420 9460
2241 2082
6721 5365
7871 183
2526 845
1598 445
5668 488
7346 6557
1464 533
5505 9344
1732 4696
3224 3498
2611 5851
3331 2951
2180 1782
200 3022
5645 1323
7154 7277
8517 3356
687 5257
3261 3169
8093 6462
444 5598
2124 2408
9597 3630
6759 4808
739 3194
6382 9318
3276 7418
5160 756
1591 3181
8388 5921
5569 3462
8529 5476
2616 9728
8273 937
9690 2579
1630 2374
9758 2580
3240 8736
4322 9971
303 9908
3204 1285
6970 7577
6800 2713
1097 8243
5959 2483
4948 4901
7361 8439
9081 8193
4462 7618
583 1370
8928 1859
5381 5123
7053 8869
9343 3149
4718 4829
6223 5808
182 2801
9696 202
9123 8440
4454 1412
531 544
2596 9259
3599 2930
